33,1008
33,1007
33,1006
33,1005
33,1004
33,1003
33,1002
33,1001
33,1000
33,999
33,998
33,997
33,996
33,995
33,994
33,993
33,1088
33,1024
33,992
43,3
43,2
43,1
43,0
42,6
42,5
42,4
42,3
42,2
42,1
42,0
41,12
41,11
41,10
41,9
41,8
41,7
41,6
41,5
41,4
41,3
41,2
41,1
41,0
40,3
40,2
40,1
40,0
14,6
39,5
39,4
39,3
39,2
39,1
39,0
38,4
38,3
38,2
38,1
38,0
37,4
37,3
37,2
37,1
37,0
36,10
36,9
36,8
36,7
36,6
36,5
36,4
36,3
36,2
36,1
36,0
33,991
33,990
33,989
33,988
33,987
33,986
33,985
33,984
33,983
33,982
33,981
33,980
33,979
33,978
33,977
33,976
33,975
33,974
33,973
33,972
33,971
33,970
33,969
33,968
33,967
33,966
33,965
33,964
33,963
33,962
33,961
33,960
33,959
33,958
33,957
33,956
33,955
33,954
33,953
33,952
33,951
33,950
33,949
33,948
33,947
33,946
33,945
33,944
33,943
33,942
33,941
33,940
33,939
33,938
33,937
33,936
33,935
33,934
33,933
33,932
33,931
33,930
33,929
33,928
33,927
33,926
33,925
33,924
33,923
33,922
33,921
33,920
33,919
33,918
33,917
33,916
33,915
33,914
33,913
33,912
33,911
33,910
33,909
33,908
33,907
33,906
33,905
33,904
33,903
33,902
33,901
33,900
33,899
33,898
33,897
33,896
33,895
33,894
33,893
33,892
33,891
33,890
33,889
33,888
33,887
33,886
33,885
33,884
33,883
33,882
33,881
33,880
33,879
33,878
33,877
33,876
33,875
33,874
33,873
33,872
33,871
33,870
33,869
33,868
33,867
33,866
33,865
33,864
33,863
33,862
33,861
33,860
33,859
33,858
33,857
33,856
33,855
33,854
33,853
33,852
33,851
33,850
33,849
33,848
33,847
33,846
33,845
33,844
33,843
33,842
33,841
33,840
33,839
33,838
33,837
33,836
33,835
33,834
33,833
33,832
33,831
33,830
33,829
33,828
33,827
33,826
33,825
33,824
33,823
33,822
33,821
33,820
33,819
33,818
33,817
33,816
33,815
33,814
33,813
33,812
33,811
33,810
33,809
33,808
33,807
33,806
33,805
33,804
33,803
33,802
33,801
33,800
33,799
33,798
33,797
33,796
33,795
33,794
33,793
33,792
33,791
33,790
33,789
33,788
33,787
33,786
33,785
33,784
33,783
33,782
33,781
33,780
33,779
33,778
33,777
33,776
33,775
33,774
33,773
33,772
33,771
33,770
33,769
33,768
33,767
33,766
33,765
33,764
33,763
33,762
33,761
33,760
33,759
33,758
33,757
33,756
33,755
33,754
33,753
33,752
33,751
33,750
33,749
33,748
33,747
33,746
33,745
33,744
33,743
33,742
33,741
33,740
33,739
33,738
33,737
33,736
33,735
33,734
33,733
33,732
33,731
33,730
33,729
33,728
33,727
33,726
33,725
33,724
33,723
33,722
33,721
33,720
33,719
33,718
33,717
33,716
33,715
33,714
33,713
33,712
33,711
33,710
33,709
33,708
33,707
33,706
33,705
33,704
33,703
33,702
33,701
33,700
33,699
33,698
33,697
33,696
33,695
33,694
33,693
33,692
33,691
33,690
33,689
33,688
33,687
33,686
33,685
33,684
33,683
33,682
33,681
33,680
33,679
33,678
33,677
33,676
33,675
33,674
33,673
33,672
33,671
33,670
33,669
33,668
33,667
33,666
33,665
33,664
33,663
33,662
33,661
33,660
33,659
33,658
33,657
